                    processo       toi  negativacao     corte  reclamacao  quantidade
JAPERI              0.014487  0.052160     0.186275  0.144345    0.051115       26783
QUEIMADOS           0.014467  0.032561     0.226505  0.153350    0.053892       51288
NILOPOLIS           0.013601  0.007990     0.217577  0.144438    0.056638       68964
NOVA IGUACU         0.013261  0.019495     0.216292  0.151467    0.064188      317316
SAO JOAO DE MERITI  0.009916  0.012269     0.234346  0.137112    0.057312      178497
DUQUE DE CAXIAS     0.009801  0.013708     0.197799  0.143812    0.054536      205497
MESQUITA            0.009675  0.009504     0.229872  0.143355    0.054425       70078
PARACAMBI           0.009293  0.027260     0.271826  0.130156    0.050183       19369
BELFORD ROXO        0.008816  0.019096     0.196796  0.131974    0.052209      165374
BARRA MANSA         0.007200  0.001121     0.284855  0.110820    0.025173       80283